$ANSIBLE_VAULT;1.1;AES256
66333733353035383339336534353830383964376634323835306632393662623565366337666534
6464303964316132393232363761393934376636333038660a633734336265376532626134323038
35346235313437383336653535623361383936626466613033333630386365663666626261386566
3130313266316364320a643636613861623462653665613362333031663066313634643665373237
37356665353465616461343561613534356563393138666136663031393665306538616232666635
33633038383464643866343766643334396431306665383965323062346435633065316636363761
66633566653038316163323331336131356664363863333933623362626130666538636336613132
61636433643464663238633062323435343566643565396566303635646164616662396431633736
66356639613130393834383039653034656632313134646531393864343035663031663432643332
62376235636130386163313736383935613137366333383630353832333431333564356436333161
31666333313935633031396662326239623965636463303237393262643639306637323164613930
35306139386132663438313937623336376434636161366137363439646535323766633234306332
61663630626339343739316339663261373062303031326534646461643839356439306139383765
3230663261343263653337666265376332366664313435376137
